%YAML:1.0
---
model_type: PINHOLE
camera_name: camera
image_width: 640
image_height: 360
distortion_parameters:
   k1: 0
   k2: 0
   p1: 0
   p2: 0
projection_parameters:
   fx: 261.2847900390625
   fy: 261.2847900390625
   cx: 325.98406982421875
   cy: 180.82875061035156